SITE BAT1

NOT.MOO CAN

NPSU 19 30 16 15 30
LENGTH 52 40 50 50 44 55 60 49 59 46
WIDTH 25 24 28 25 26 27 31 24 29 25
THICK .36 .37 .38 .37 .38
FRESH.WT 7.011 6.98 4.754 5.493 8.337
DRY.WT 3.611 3.6 2.46 2.864 4.293
WT.STALK 2.436 4.099 1.425 1.720 1.527
AREA 9.31 11.44 12.46 8.23 8.18 6.75 8.02 8.41 9.75 8.52
INCLIN 25
VOL.CHL 5 5 5
FW.CHL .032 .027 .028
A647 .260 .283 .338
A664 .602 .656 .773
N 13927
P 1371

NOT.MOO SCAN.SAP

NPSU 27 20 16 16 22 9 10 9 7 10
LENGTH 67 41 66 65 49 65 95 60 55 69
WIDTH 25 24 20 28 26 30 35 25 24 29
THICK .37 .36 .35 .34 .27 .36 .35 .37 .35 .35
FRESH.WT 8.317 5.091 5.161 5.828 8.457 4.568 3.578 4.966 2.506 3.523
DRY.WT 4.194 2.529 2.721 2.872 4.499 2.295 1.801 2.530 1.264 1.770
WT.STALK 1.68 .931 .640 3.944 1.645 1.460 .920 .652 .187 .676
AREA 9 21.34 10.17 14.67 8.78 10.84 12.66 7.22 9.34 13.69
INCLIN 35 30 10 0.0001 40 0.0001 45 40 20 25
VOL.CHL 5 5 5
FW.CHL .032 .027 .028
A647 .260 .283 .338
A664 .602 .656 .773
N 11243
P 1215

CAL.PAN

NPSU 5 10 5 4 21 5 4 3
LENGTH 91 152 109 147 50 113 111 122 95 123
WIDTH 37 52 47 57 27 49 39 53 38 51
THICK .38 .25 .27 .25 .29 .29 .27 .32
FRESH.WT 3.862 4.013 3.516 4.333 15.404 8.253 3.583 2.234
DRY.WT 1.391 1.462 1.392 1.692 6.646 3.826 1.309 .844
WT.STALK .110 .649 .108 .138 1.747 .355 .091 .085
AREA 41.58 47.37 57.90 34.87 36.22 51.92 8.92 25.82 23.75 28.69
INCLIN 5 25 15 25 35 15 10 25 20 20
VOL.CHL 5 5 5
FW.CHL .021 .034 .025
A647 .279 .493 .323
A664 .639 1.110 .736
N 10170
P 1701

ORI.EXC

NPSU 23 16 27 27 17
LENGTH 145 175 178 209 267 222 230 191 208 87
WIDTH 26 29 31 33 38 37 40 36 36 32
THICK .28 .27 .32 .26 .27
FRESH.WT 20.433 7.243 24.207 21.905 11.279
DRY.WT 10.431 3.244 11.311 9.450 5.115
WT.STALK 1.757 .413 1.859 1.483 .723
AREA 38.31 46.84 48.08 56.16 69.01 41.94 37.94 35.05 43.75 22.09
INCLIN 45
VOL.CHL 5 5 5
FW.CHL .02 .025 .024
A647 .282 .455 .315
A664 .633 .985 .706
N 8288
P 648

ACM.SMI

NPSU 12 17 14 11 10 13 4 4 15 18
LENGTH 93 95 88 77 67 54 69 69 91 73
WIDTH 31 38 28 32 27 32 36 25 34 32
THICK .26 .32 .3 .33 .33 .35 .28 .33 .34 .33
FRESH.WT 4.36 5.404 4.361 4.203 3.203 4.497 2.06 1.447 4.06 5.385
DRY.WT 1.747 2.107 1.744 1.7 1.203 1.749 .865 .553 1.56 2.25
WT.STALK .393 .832 .351 .578 .162 .414 .110 .068 .396 .615
AREA 11.57 14.32 18.35 15.01 13.48 14.00 20.91 16.71 16.47 10.29
INCLIN 55 25 15 10 15 25 45 10 5 15
VOL.CHL 5 5 5
FW.CHL .033 .033 .029
A647 .5 .478 .529
A664 1.095 1.071 1.089
N 12064
P 1470

SHR.NO1

NPSU 14 11 13 21 6
LENGTH 128 77 110 112 140 130 104 112 148 88
WIDTH 61 33 44 43 62 59 38 51 64 44
THICK .32 .37 .3 .36 .37
FRESH.WT 12.238 11.187 9.625 15.988 6.949
DRY.WT 5.805 4.892 4.176 7.017 3.103
WT.STALK 2.063 1.339 1.578 1.779 .430
AREA 33.53 18.15 31.21 58.72 53.35 25.28 67.95 39.38 26.66 54.92
INCLIN 60 20 40 30 25 60 15 20 25 15
VOL.CHL 5 5 5
FW.CHL .031 .029 .022
A647 .503 .478 .338
A664 1.113 1.082 .772
N 10188
P 1000

DOR.SAS

NPSU 13 14 41 27 25 11 9 5 22 10
LENGTH 81 85 71 55 70 68 108 90 103 60
WIDTH 27 40 28 26 34 26 43 36 48 32
THICK .35 .31 .37 .41 .39 .35 .35 .38 .32 .38
FRESH.WT 5.341 7.212 19.284 12.909 12.836 5.282 3.582 3.178 7.106 4.464
DRY.WT 1.884 2.481 7.881 5.224 4.572 2.132 1.269 1.061 2.396 1.560
WT.STALK .465 .975 5.043 2.425 1.629 .379 .227 .170 .636 .404
AREA 14.85 14.29 29.34 31.70 12.79 19.81 13.51 11.98 10.20 23.30
INCLIN 35 10 30 50 15 5 35 10 55 5
VOL.CHL 5 5 5
FW.CHL .026 .029 .031
A647 .280 .337 .391
A664 .679 .817 .950
N 14592
P 1283

CIT.PAU

NPSU 42 198 265 262 160
LENGTH 5 3.5 7.5 6 4 5.5 7 7 5 7
WIDTH 4 3 7 4 3 4 4.5 4.5 3 5
THICK .14 .16 .16 .13 .16
FRESH.WT .108 .764 1.101 .65 .577
DRY.WT .044 .364 .430 .279 .245
WT.STALK .044 .582 .590 .680 .367
AREA .1 .43 .15 .17 .08 .16 .21 .23 .06 .25
INCLIN 25 45 5 20 15 35 20 25 5 30
VOL.CHL 5 5 5
FW.CHL .023 .020 .020
A647 .313 .251 .332
A664 .749 .605 .795
N 16516
P 1535

PAL.SCA

NPSU 8 5 6 6 13 7 4 7 4 6
LENGTH 73 96 118 101 76 117 101 92 58 49
WIDTH 36 44 47 43 40 46 45 40 32 31
THICK .32 .28 .31 .28 .23 .21 .26 .25 .24 .27
FRESH.WT 4.093 2.459 2.930 2.979 7.277 2.090 1.371 3.350 1.455 3.155
DRY.WT 1.196 .731 .840 .747 2.222 .695 .338 1.125 .377 .837
WT.STALK .749 .132 .236 .209 .913 .215 .048 .261 .025 .209
AREA 11.54 23.93 30.5 40.01 21.63 39.79 30.42 30.62 18.52 13.7
INCLIN 10 15 15 20 15 40 15 20 20 20
VOL.CHL 5 5 5
FW.CHL .026 .030 .026
A647 .569 .591 .548
A664 1.281 1.322 1.240
N 19688 17969
P 2009 2528

SYN.GLA

NPSU - 6 6 10 13 12 9 9 9 9
LENGTH 142 76 98 147 132 119 94 117 96 88
WIDTH 42 31 36 35 38 34 23 29 25.5 25
THICK .34 .23 .23 .22 .32 .28 .25 .24 .24 .24
FRESH.WT - 3.457 3.494 4.554 6.390 3.940 2.785 6.354 5.837 4.998
DRY.WT - .877 .914 1.272 1.842 1.246 .766 1.808 1.910 1.594
WT.STALK - .127 .156 .219 .291 .225 .101 .294 .280 .292
AREA 22.47 18.02 40.84 31.55 29.18 14.48 30.23 15.79 19.72 18.81
INCLIN 5 0.0001 25 40 25 50 20 15 5 20
VOL.CHL 5 5 5
FW.CHL .021 .026 .021
A647 .25 .293 .254
A664 .576 .694 .576
N 20745 18437
P 1830 2427

CRY.GLA

NPSU 47 11 22 11 5
LENGTH 89 89 98 146 93 90 92 84 120 71
WIDTH 29 29 47 42 31 34 35 30 35 22
THICK .22 .2 .2 .25 .21
FRESH.WT 16.437 6.507 11.587 6.432 3.181
DRY.WT 5.82 2.94 5.379 2.743 1.23
WT.STALK 2.978 .811 1.988 .695 .14
AREA 30.22 20.25 42.64 22.79 20.4 18.23 17.62 36.26 10.87 18.09
INCLIN 45 25 40 25 0.0001 55 20 20 30 25
VOL.CHL 5 5 5
FW.CHL .033 .023 .022
A647 .280 .204 .181
A664 .642 .466 .405
N 13642
P 1847

CRY.FOV

NPSU 17 19 11 15 17
LENGTH 62 64 41 55 51 52 67 73 49 50
WIDTH 29 33 15 33 27.5 26 31 37 22 26
THICK .36 .28 .3 .27 .25
FRESH.WT 4.26 5.309 2.260 2.926 4.042
DRY.WT 1.977 2.5 1.089 1.448 2.038
WT.STALK .443 .773 .34 .42 .69
AREA 7.79 13 19.48 7.02 14.06 8.82 10.10 13.98 11.4 5.76
INCLIN 35 55 45 25 20 20 25 30 35 15
VOL.CHL 5 5
FW.CHL .029 .025
A647 .297 .267
A664 .754 .665
N 17169
P 2038

LAS.DEC

NPSU 31 24 31 29 27
LENGTH 11 13 16 16 33 28 41 59 46 25
WIDTH 4 7 5.5 5 10 7 12.5 14 11.5 8.5
THICK .14 .18 .15 .14 .1
FRESH.WT .486 1.429 .931 .736 .239
DRY.WT .199 .54 .368 .3 .096
WT.STALK .035 .090 .044 .038 .015
AREA 2.988 1.331 3.03 1.815 4.268 .581 2.244 .608 .583 .314
INCLIN 15 15 10 5 30 25 10 20 10 10
VOL.CHL 5 5 5
FW.CHL .023 .028 .031
A647 .663 .695 .818
A664 1.420 1.459 1.665
N 27395
P 1883

DIP.AUS

NPSU 28 19 32 28 30
LENGTH 31 47 44 52 51 34 20 27 29 39
WIDTH 11 18.5 13 15 18 13 7 18 11 16
THICK .15 .13 .14 .14 .15
FRESH.WT 1.8 .423 1.431 1.084 1.491
DRY.WT .327 .072 .279 .216 .281
WT.STALK .058 .014 .050 .042 .057
AREA 5.31 1.07 5.16 2.24 3.12 5.06 2.59 4.11 4.67 4.08
INCLIN 20 30 10 10 15 25 20 10 0.0001 15
VOL.CHL 5 5 5
FW.CHL .028 .033 .026
A647 .499 .524 .462
A664 1.098 1.209 1.029
N 34961
P 2330

LOM.LON

NPSU 1 1 1 1 1 1 1 1 1 1
LENGTH 613 724 850 630 730 790 900 795 750 627
WIDTH 9 9 7 8 7 8.5 8 8 8 8
THICK .28 .42 .43 .29 .35 .60 .49 .46 .28 .56
FRESH.WT 2.891 4.177 4.802 3.753 4.769 4.994 4.65 4.492 3.749 2.733
DRY.WT 1.092 1.853 1.578 1.07 1.882 1.745 1.362 1.513 1.145 .814
WT.STALK - - - - - - - - - -
AREA 41.09 43.612 43.694 36.121 39.962 48.89 52.62 48.31 45.5 39.29
INCLIN 45 55 55 60 60 25 20 55 70 60
VOL.CHL 5 5 5
FW.CHL .032 .024 .020
A647 .287 .450 .687
A664 .652 1.045 1.521
N 9915
P 838

DEN.DAV

NPSU 31 26 36 20 19
LENGTH 27 40 55 56 31 52 49 45 24 27
WIDTH 14 16 20 17 14 17 17 17 10 12
THICK .11 .11 .08 .09 .1
FRESH.WT .886 1.038 .755 .188 .328
DRY.WT .263 .181 .171 .036 .067
WT.STALK .052 .044 .032 .007 .015
AREA 4.58 5.68 6.12 5.48 1.44 1.69 2.59 5.85 4.4 2.63
INCLIN 15 20 30 15 15 10 20 5 10 20
VOL.CHL 5 5 5
FW.CHL .024 .030 .026
A647 .428 .505 .537
A664 .925 1.091 1.187
N 31508
P 2718

GRA.NO1

NPSU 1 1 1 1 1
LENGTH 1515 1737 2333 2185 1390
WIDTH 12 12 15 12 12.5
THICK .34 .48 .43 .42 .41
FRESH.WT 10.816 21.902 12.872 10.316 21.278
DRY.WT 4.623 10.538 6.043 4.365 9.997
WT.STALK - - - - -
AREA 130.31 116.61 179.62 157.51 118.7
INCLIN 65 70 75 15 80 50 75 80 45 65
VOL.CHL 5 5 5
FW.CHL .021 .031 .029
A647 .365 .439 .459
A664 .839 .989 1.024
N 7826
P 936

DIO.TRA

NPSU 104
LENGTH 89 88 86 86 70 61 68 76 72 65
WIDTH 66 39 58 54 35 48 29 36 43.5 26
THICK .15 .15 .13 .13 .12
FRESH.WT 22.505
DRY.WT 5.441
WT.STALK 6.943
AREA 23.47 36.32 19.66 13.98 24.96 42.76 12.9 19.31 28.87 18.35
INCLIN 20
VOL.CHL 5 5 5
FW.CHL .025 .025 .027
A647 .592 .613 .688
A664 1.308 1.387 1.555
N 30644
P 2270

PAN.PAN SPECIES

NPSU 45
LENGTH 27.5 79 39 73 62 37 66 47 70 63
WIDTH 14 26 21 31 22 24 23 18.5 21 17
THICK .16 .16 .17 .17 .15
FRESH.WT 5.447
DRY.WT 1.065
WT.STALK 5.093
AREA 12.34 14.15 5.95 5.39 8.46 4.86 2.74 5.64 8.53 8.98
INCLIN 35
VOL.CHL 5 5 5
FW.CHL .023 .030 .024
A647 .281 .321 .663
A664 .672 .777 1.464
N 29403
P 4152

PAN.PAN JUV

NPSU 250
LENGTH 5 8 7 6.5 6 9 8 7 6 6
WIDTH 4 5 4 4 4 5 4 3 4.5 4
THICK .05 .02 .03 .04 .05
FRESH.WT .298
DRY.WT .096
WT.STALK .143
AREA .13 .25 .17 .15 .2 .14 .19 .12 .18 .15
INCLIN 10 20 0.0001 25 20 5 10 10 15 5
VOL.CHL 5 5 5
FW.CHL .017 .021 .021
A647 .580 .454 .510
A664 1.308 1.011 1.170
N 26100
P 3088

SMI.AUS

NPSU 37 14 7 5 10
LENGTH 78 74 77 100 59 54 83 63 75 65
WIDTH 51 47 41 58 39 31 55 40 45 37
THICK .53 .41 .32 .39 .42
FRESH.WT 25.144 9.848 1.679 4.222 5.234
DRY.WT 12.088 4.528 .732 1.897 2.299
WT.STALK 5.925 2.992 .474 .577 1.199
AREA 17.01 33.96 41.35 21.47 15.56 24.27 9.66 24.43 30.36 16.70
INCLIN 20
VOL.CHL 5 5 5
FW.CHL .030 .023 .023
A647 .369 .453 .401
A664 .864 1.052 .930
N 12045
P 945

DAP.SPA

NPSU 8 31 28 16 11 23 12 4 40 10
LENGTH 103 125 77 89 71 96 112 93 81 113
WIDTH 36 50 32 37 26 36 31 40 25 42
THICK .26 .24 .3 .29 .25 .24 .23 .30 .19 .23
FRESH.WT 2.829 5.488 7.273 8.474 2.154 8.523 3.070 1.446 10.971 3.551
DRY.WT .938 1.464 2.349 2.579 .735 2.753 .939 .382 3.526 .905
WT.STALK .209 .946 1.414 1.533 .306 .705 .243 .099 1.627 .743
AREA 31.29 13.45 39.16 20.96 25.50 19.63 24.11 10.82 16.08 22.93
INCLIN 40 15 50 35 20 30 25 5 15 25
VOL.CHL 5 5 5
FW.CHL .025 .023 .029
A647 .31 .337 .329
A664 .761 .805 .795
N 20113
P 2316

DIP.AUS2

NPSU 2 - 18 17 19
LENGTH 260 240
WIDTH 102 78
THICK .2 .21
FRESH.WT 7.846
DRY.WT 3.705 - 4.161 4.531 4.252
WT.STALK - - 1.140 1.509 1.424
AREA 202.99 141.89
INCLIN 15
VOL.CHL 5 5 5
FW.CHL .028 .026 .025
A647 .626 .677 .539
A664 1.432 1.542 1.253
N 19605
P 2169

PAR.STR

NPSU 59 17
LENGTH 50 87 49 96 50 69 80 69 38 60
WIDTH 18.5 26.5 20 32 15 24 29 22 13.5 18
THICK .22 .22 .25 .16 .15
FRESH.WT 7.917 1.622
DRY.WT 2.091 .459
WT.STALK 1.572 .231
AREA 18.64 23.23 18.88 12.55 10.85 8.07 8.2 4 6.98 5.45
INCLIN 30 30 45 35 50 60 45 40 35 55
VOL.CHL 5 5 5
FW.CHL .025 .023 .026
A647 .396 .493 .424
A664 .92 1.1 .974
N 22699
P 1768

CEP.CEP

NPSU 121
LENGTH 49 56 56 64 44 64 26 55 43 46
WIDTH 21 30 27 26 21 24 21 30 24 22
THICK .22 .24 .18 .17 .19
FRESH.WT 21.327
DRY.WT 7.456
WT.STALK 19.832
AREA 7.46 10.89 7.5 10.49 6.04 11.32 10.98 10.64 6.82 4.19
INCLIN 40 25 20 45 40 20 30 40 45 55
VOL.CHL 5 5 5
FW.CHL .019 .026 .029
A647 .313 .489 .576
A664 .7 1.077 1.246
N 14280
P 1408

MIC.SCA

NPSU 9 2 3 18 6
LENGTH 171 42 71 140 65 135 61 84 165 75
WIDTH 19.5 7.5 10 12.5 11 12 6 11 15 9
THICK .27 .24 .27 .22 .19
FRESH.WT 1.861 .591 1.011 .572 .228
DRY.WT .514 .135 .216 .114 .047
WT.STALK .186 .047 .138 .187 .038
AREA 19.00 11.42 14.74 10.39 5.51 4.87 4.08 4.52 2.09 1.75
INCLIN 40 35 30 45 50 40 50 40 50 35
VOL.CHL 5 5 5
FW.CHL .027 .024 .030
A647 .445 .373 .466
A664 1.017 .862 1.061
N 22430
P 4106

TRI.COL

NPSU 4 4 4 5 6 4 9
LENGTH 63 80 67 72 84 81 51 80 47 90
WIDTH 22 21 26 25 26 27 17 23 16 29
THICK .29 .28 .28 .29 .3 .32 .31
FRESH.WT .891 .659 .710 1.855 1.451 1.613 1.771
DRY.WT .356 .262 .287 .727 .594 .666 .745
WT.STALK .040 .031 .036 .064 .046 .062 .094
AREA 16.53 11.86 5.14 14.37 13.61 11.06 8.36 4.198 10.52 10.17
INCLIN 30
VOL.CHL 5 5 5
FW.CHL .026 .023 .029
A647 .336 .306 .409
A664 .781 .708 .948
N 13146
P 2724

ADI.FOR

NPSU 22 25 29 26 88
LENGTH 13 8 10 12 8 8 7.5 14 10 15
WIDTH 7 4.5 5 8 4.5 3.5 3.5 9 5 7
THICK .07 .08 .07 .07 .08
FRESH.WT .059 .095 .111 .058 .200
DRY.WT .022 .039 .029 .027 .090
WT.STALK .005 .007 .006 .007 .030
AREA .774 .415 .209 .246 .986 .307 .700 .278 .501 .378
INCLIN 20 15 20 20 30 15 10 40 25 10
VOL.CHL 5 5 5
FW.CHL .020 .025 .020
A647 .732 1.075 .747
A664 1.507 1.948 1.516
N 26504
P 2229

TAS.INS

NPSU 12 9 9 15 10
LENGTH 63 85 79 82 79 83 33 95 90 87
WIDTH 22 29 25 30 24 26 15 32 32 31
THICK .31 .32 .27 .32 .3
FRESH.WT 3.710 2.762 2.855 6.272 3.993
DRY.WT 1.475 1.124 1.161 2.444 1.728
WT.STALK .417 .402 .144 .445 .186
AREA 16.29 17.86 12.21 19.45 15.14 13.05 15.83 9.12 3.34 13.19
INCLIN 35
VOL.CHL 5 5 5
FW.CHL .029 .026 .027
A647 .327 .278 .333
A664 .798 .694 .806
N 11212
P 1592

ART.TEN

NPSU 24 25 22 32 37
LENGTH 88 88 75 92 64 83 85 64 78 60
WIDTH 16 13 12 13.5 10 13 13 12 12.5 10.5
THICK .2 .2 .2 .27 .24
FRESH.WT 1.991 2.112 1.419 3.008 -
DRY.WT .665 .665 .417 1.004 1.025
WT.STALK .081 .124 .080 .203 .237
AREA 7.64 7.22 5.44 8.97 4.64 6.77 6.23 6.55 4.51 4.81
INCLIN 80 65 70 70 85 55 65 70 70 45
VOL.CHL 5 5 5
FW.CHL .031 .022 .025
A647 .342 .330 .258
A664 .794 .743 .618
N 18094
P 1936

POL.PRO

NPSU 34 48 48 41 47
LENGTH 84 77 83 48 75 69 74 42 43 79
WIDTH 25 23 20 15 21 19 20 15 14 22
THICK .2 .2 .25 .23 .24
FRESH.WT 1.603 6.595 6.727 6.105 6.329
DRY.WT .539 2.434 2.765 2.402 2.480
WT.STALK .082 .693 .914 .613 .737
AREA 3.51 8.22 10.31 10.52 9.57 10.92 7.93 3.38 4.71 9.60
INCLIN 30 30 25 0.0001 0.0001 5 5 10 0.0001 5
VOL.CHL 5 5 5
FW.CHL .035 .024 .029
A647 .469 .211 .322
A664 1.098 .534 .796
N 18611
P 2757

SHR.NO2

NPSU 8 10 9
LENGTH 130 129 133 125 139 126 116 116 110 107
WIDTH 32 33 31 29 32 31 30 28 29 29
THICK .33 .32 .32
FRESH.WT 6.285 7.108 6.592
DRY.WT 2.044 2.384 2.297
WT.STALK .272 .473 .373
AREA 20.17 21.00 20.14 26.66 28.22 27.74 23.60 19.62 27.88 26.17
INCLIN 10 10 15 0.0001 45 45 25 45 10 35
VOL.CHL 5 5 5
FW.CHL .026 .031 .025
A647 .23 .319 .242
A664 .527 .73 .555
N 11852
P 2017

DIC.ANT

NPSU 42 40 50
LENGTH 31 48 35 36 37 41 29 19 32 37
WIDTH 9 9 9 9.5 10 10 9.5 6 8.5 8.5
THICK .15 .18 .16
FRESH.WT 3.608 1.902 1.647
DRY.WT 1.520 .830 .848
WT.STALK .175 .123 .164
AREA 2.094 1.829 2.594 2.019 2.234 2.699 1.970 2.398 2.578 .906
INCLIN 10 5 15 10 25 15 20 15 10 5
VOL.CHL 5 5 5
FW.CHL .033 .030 .024
A647 .502 .252 .362
A664 1.188 .595 .844
N 16447
P 3238

PEL.FAL

NPSU 58 75 46 46 41
LENGTH 35 40 33 15 24 29 26 21 42 20
WIDTH 8 8 8 3 5.5 6.5 5 4 10 5
THICK .27 .29 .28 .32 .31
FRESH.WT 2.145 3.711 1.921 2.517 1.86
DRY.WT .765 1.177 .617 .829 .604
WT.STALK .124 .262 .109 .168 .106
AREA 2.046 2.374 1.103 1.55 .442 2.616 .802 .789 1.165 3.290
INCLIN 10 20 30 25 15 20 25 10 5 25
VOL.CHL 5 5 5
FW.CHL .028 .028 .026
A647 .658 .608 .516
A664 1.48 1.385 1.211
N 21783
P 2224

PTE.NO1

NPSU 42 41 41 22 19
LENGTH 7 25 5 14.5 42 12.5 11 12.5 12.5 9
WIDTH 4.5 7 3.5 6 9 7 7 6.5 6 6
THICK .33 .25 .25 .21 .22
FRESH.WT .975 .636 .699 .184 .167
DRY.WT .310 .200 .213 .057 .050
WT.STALK .268 .242 .091 .090 .045
AREA .552 .652 1.27 .655 .292 .578 2.597 .151 .628 .702
INCLIN 40 55 30 25 30 45 60 55 40 55
VOL.CHL 5 5 5
FW.CHL .028 .022 .020
A647 .289 .338 .284
A664 .675 .769 .646
N 20065
P 2241

TME.OVA

NPSU 16 19 35 33 25
LENGTH 11 10 10 8 6.5 13 10.5 10 6 8
WIDTH 2 2 2.5 2 2 2 2.5 2.5 2 2
THICK .16 .24 .26 .25 .2
FRESH.WT .077 .107 .124 .129 .093
DRY.WT .011 .019 .022 .022 .020
WT.STALK .004 .006 .008 .009 .007
AREA .17 .19 .18 .17 .16 .2 .12 .18 .09 .09
INCLIN 35 60 70 45 35 40 40 80 70 65
VOL.CHL 5 5 5
FW.CHL .025 .022 .031
A647 .322 .316 .240
A664 .696 .676 .523
N 19536
P 8020

PYR.RUP

NPSU 10 6 10 11 5
LENGTH 71 20 14 11 13 14 9 15 11.5 56
WIDTH 3 8.5 7 8.5 10 6 9.5 6.5 9.5 5
THICK .76 .97 .97 .95 .49
FRESH.WT 1.223 .474 1.606 1.446 .268
DRY.WT .751 .319 .888 .764 .134
WT.STALK .170 .045 .142 .107 .023
AREA .571 1.547 1.323 .730 .548 .778 .685 .665 .911 .625
INCLIN 70 55 60 40 60 45 70 65 55 40
VOL.CHL 5 5 5
FW.CHL .057 .071 .108
A647 .127 .144 .110
A664 .285 .323 .234
N 2446
P 1535

SHR.NO3

NPSU 10 9 9
LENGTH 125 102 98 104 118 135 149 126 122 149
WIDTH 56 40 45 56 56 51 60 66 60 65
THICK .41 .3 .38
FRESH.WT 14.367 15.006 10.635
DRY.WT 5.589 5.856 4.383
WT.STALK .795 .893 .503
AREA 46.10 39.56 31.49 29.09 50.36 46.76 69.47 63.12 53.91 58.87
INCLIN 20
VOL.CHL 5 5 5
FW.CHL .027 .023 .028
A647 .357 .378 .414
A664 .837 .902 .990
N 13157
P 1247
