SITE NEG1

NOT.MOO CAN

NPSU 9 6 6 9 8 9 9 7 8 15
LENGTH 44 51 46 39 41 48 47 45 26 46
WIDTH 24 19 23 22 16 19 19 20 19 20
THICK .31 .3 .32 .32 .32 .32 .28 .27 .27 .3
FRESH.WT 1.278 .851 1.203 1.487 1.253 1.681 1.333 1.033 1.241 2.203
DRY.WT .79 .514 .724 .904 .816 1.01 .866 .642 .789 1.443
WT.STALK .205 .09 .149 .207 .162 .279 .187 .120 .155 .365
AREA 6.958 4.351 6.308 6.946 6.762 7.016 5.93 6.428 6.382 3.688
INCLIN 30
VOL.CHL 4 4 4
FW.CHL .022 .024 .021
A647 .211 .409 .316
A664 .536 .983 .809
N 14324
P 1304

CRY.NOV

NPSU 82 43 22 36 30 23 24 19 33 9
LENGTH 75 50 80 54 67 57 63 49 38 49
WIDTH 31 20 40 19.5 35 21 21 27 16 29
THICK .26 .34 .28 .24 .27 .28 .3 .31 .27 .27
FRESH.WT 11.56 8.322 6.456 10.985 7.809 6.632 5.750 7.315 9.042 1.988
DRY.WT 5.033 3.929 3.386 5.290 4.018 3.122 2.649 3.418 4.178 .953
WT.STALK 2.744 1.648 1.574 1.701 1.153 .976 .680 .791 1.114 .164
AREA 15.61 21.66 15.17 10.27 9.05 8.7 8.23 7.32 6.63 4.34
INCLIN 15 10 15 25 40 15 15 45 25 10
VOL.CHL 4 4 4
FW.CHL .026 .025 .028
A647 .27 .363 .467
A664 .636 .837 1.066
N 13152
P 1013

DOR.SAS

NPSU 50 41 30 44 25 33 26 18 15 15
LENGTH 57 57 45 42 63 55 50 38 45 55
WIDTH 30 27 27 17 30 28 23 18 22 28
THICK .32 .36 .34 .35 .35 .35 .34 .36 .33 .38
FRESH.WT 13.633 7.458 8.955 9.352 6.851 7.152 5.908 4.168 4.759 3.802
DRY.WT 5.94 3.191 3.765 4.253 3.107 2.868 2.433 1.63 2.15 1.705
WT.STALK 1.715 .973 .855 .849 .659 .759 .594 .458 .375 .327
AREA 12.22 10.42 9.76 12.63 4.61 7.86 8.17 9.25 6.65 4.83
INCLIN 50 20 30 25 30 20 20 40 15 15
VOL.CHL 4 4 4
FW.CHL .022 .028 .028
A647 .458 .446 .388
A664 1.048 1.020 .895
N 13665
P 1019

ELA.HOL

NPSU 37 26 17 22 19 19 13 17 14 14
LENGTH 38 23 31 43 40 41 34 53 40 27
WIDTH 14 10 18 19 17 14 15 18 17 14
THICK .32 .31 .41 .4 .34 .42 .36 .35 .42 .37
FRESH.WT 2.885 4.392 3.591 2.211 1.662 1.312 1.55 1.673 1.6 1.032
DRY.WT 1.458 2.158 1.715 1.140 .86 .671 .791 .891 .823 .535
WT.STALK .595 .835 .346 .3 .143 .127 .092 .149 .129 .151
AREA 3.762 7.593 1.566 4.647 2.721 3.876 5.81 5.014 3.507 4.061
INCLIN 15 25 25 5 20 45 15 35 20 15
VOL.CHL 4 4 4
FW.CHL .022 .023 .029
A647 .606 .576 .672
A664 1.020 .985 1.089
N 9719
P 840

DEN.MOO

NPSU 51 54 74 68 20 16 15 34 22 20
LENGTH 33 37.5 38 45 39 40 40 37 36 30
WIDTH 8 11 15 9 9 16 18 10.5 14 10
THICK .27 .25 .28 .3 .28 .28 .26 .26 .29 .24
FRESH.WT 3.928 4.239 4.666 4.358 1.329 1.527 1.157 .906 .727 .576
DRY.WT 1.593 1.694 2.015 1.954 .554 .615 .476 .379 .311 .243
WT.STALK .572 .514 .785 .833 .173 .211 .090 .086 .067 .049
AREA 3.916 2.385 2.965 1.848 4.710 2.512 4.541 3.479 2.674 2.176
INCLIN 0.0001 25 10 0.0001 30 40 20 5 15 5
VOL.CHL 4 4 4
FW.CHL .018 .023 .021
A647 .294 .318 .374
A664 .697 .770 .899
N 14177
P 1015

COP.QUA

NPSU 205 63 47 143 140
LENGTH 1.5 4 2 5 4.5 6 2.5 5.5 3 3
WIDTH 1.5 3 1 3 2.5 3 2 2.5 1.5 2.5
THICK .08 .07 .04 .06 .09
FRESH.WT .166 .078 .037 .099 .137
DRY.WT .065 .028 .014 .035 .054
WT.STALK .131 .107 .016 .051 .117
AREA .07 .04 .1 .14 .11 .04 .02 .05 .1 .02
INCLIN 0.0001 0.0001 15 15 15 25 10 15 35 0.0001
VOL.CHL 4 4 4
FW.CHL .018 .018 .026
A647 .783 .896 .629
A664 1.774 1.869 1.515
N 19403
P 1516

SHR.NO4

NPSU 30 50 47
LENGTH 104 115 92 95 92 102 102 113 54 74
WIDTH 31 33 23 29 26 29 30 36 23 24
THICK .21 .23 .2 .24 .23 .22 .24 .20 .21 .24
FRESH.WT 12.534 13.273 11.95
DRY.WT 6.836 7.439 6.803
WT.STALK 2.540 1.825 1.717
AREA 9.08 12.33 21.5 19.87 14.19 26.14 17.7 25.27 22.71 19.11
INCLIN 40 25 25 5 15 30 15 65 45 20
VOL.CHL 4 4 4
FW.CHL .02 .021 .018
A647 .263 .233 .214
A664 .696 .597 .544
N 12654
P 947

COR.STR

NPSU 9 26
LENGTH 290 220 202 316 370 225 190 355 218 195
WIDTH 24 15 12 20 21 16 16 21 15 15
THICK .28 .34 .27 .33 .28 .27 .28 .25 .27 .3
FRESH.WT 15.189 15.438
DRY.WT 6.069 6.224
WT.STALK - 3.699
AREA 41.37 15.47 38.98 34.69 18.67 17.1 29.94 19.06 14.08 17.45
INCLIN 45 10 0.0001 25 15 25 5 5 25 10
VOL.CHL 4 4 4
FW.CHL .024 .024 .018
A647 .47 .509 .489
A664 1.072 1.14 1.098
N 14413
P 1012

GRA.NO2

NPSU 5 4 3 5 3 4 4 4 5 2
LENGTH 368 572 328 408 480 577 179
WIDTH 3 2.5 2 2.5 2 3 1.5
THICK .3 .32 .3 .36 .29 .24 .3 .28 .3 .33
FRESH.WT .719 .732 .525 1.224 .757 .731 .462 .62 .787 .426
DRY.WT .21 .238 .172 .384 .262 .226 .145 .202 .250 .175
WT.STALK .415 .372 .513 .496 .688 .351 .425 .165 .371 .409
AREA 7.12 11.44 6.14 10.2 8.4 12.98 1.71
INCLIN 40 45 65 40 10 5 25 50 5 55
VOL.CHL 4 4 4
FW.CHL .027 .027 .029
A647 .47 .523 .458
A664 1.133 1.236 1.109
N 13696
P 1146

BLE.WAT

NPSU 17 23 21 9 13 19 9 17 14 16
LENGTH 75 26 62 73 67 64 30 66 53 55
WIDTH 17 9 20 18 16 18 10 17 20 16
THICK .34 .33 .37 .33 .33 .32 .27 .28 .28 .24
FRESH.WT 2.926 5.37 4.751 2.481 1.715 3.99 .91 4.198 2.123 1.845
DRY.WT .857 1.648 1.618 .801 .665 1.510 .361 1.707 .870 .717
WT.STALK .142 .250 .217 .067 .062 .203 .032 .239 .132 .083
AREA 9.78 7.15 8.23 9.16 10.48 9.69 6.72 8.03 2.46 2.27
INCLIN 10 5 10 5 35 25 15 10 30 25
VOL.CHL 4 4 4
FW.CHL .019 .021 .023
A647 .299 .315 .367
A664 .650 .703 .825
N 10941
P 689

LOM.SPE

NPSU 1 1 1 1 1 1 1 1 1 1
LENGTH 985 1043 960 480 850 677 727 1004 1055 939
WIDTH 7.5 6 6.5 6 7 5.5 6 6.5 6.5 7.5
THICK .35 .4 .78 .33 .59 .31 .29 .62 .55 .59
FRESH.WT 5.057 5.668 4.337 1.221 4.429 2.480 2.605 4.711 5.335 4.019
DRY.WT 2.059 2.191 1.462 .453 1.250 .842 .858 1.510 2.083 1.353
WT.STALK - - - - - - - - - -
AREA 44.173 51.91 37.03 22.39 46.16 20.565 26.44 38.88 46.71 33.66
INCLIN 70 15 55 85 55 65 60 30 40 35
VOL.CHL 4 4 4
FW.CHL .022 .024 .023
A647 .58 .549 .49
A664 1.368 1.262 1.083
N 13024
P 1084

LUZ.SPE

NPSU 7 6 5 6 6 5 5 7 5 6
LENGTH 43 66 37 53 58 57 56 60 55 60
WIDTH 22 24 18 12 17 23.5 20 22 21 19
THICK .32 .28 .38 .34 .37 .36 .36 .32 .33 .36
FRESH.WT 1.439 .894 1.437 1.419 1.145 1.514 1.772 .743 .917 1.373
DRY.WT .435 .36 .421 .413 .334 .453 .490 .228 .258 .416
WT.STALK .056 .020 .039 .026 .023 .028 .021 .048 .013 .024
AREA 9.425 6.52 9.19 7.71 11.22 7.99 6.87 6.43 4.5 4.71
INCLIN 0.0001 15 20 25 5 5 10 35 45 20
VOL.CHL 4 4 4
FW.CHL .022 .021 .023
A647 .312 .405 .622
A664 .710 .962 1.375
N 16697
P 1103

UNC.SP1

NPSU 5 5 5 6 5
LENGTH 382 424 305 307 352 388 220 434 189 310
WIDTH 2 1.5 1 1 1.2 1.5 1.5 1.5 1.5 2
THICK .18 .16 .17 .15 .18
FRESH.WT .293 .302 .501 .506 .620
DRY.WT .086 .094 .154 .14 .184
WT.STALK .028 .063 .063 .075 .070
AREA 5.556 5.03 2.48 3.07 3.96 4.37 3.03 4.88 2.36 6.2
INCLIN 35 55 15 55 30 60 25 35 75 70
VOL.CHL 4 4 4
FW.CHL .018 .016 .020
A647 .329 .275 .412
A664 .79 .691 .993
N 15049
P 1000

DIC.ANT

NPSU 33 38 52 48 42 51 - 45 46 52
LENGTH 16 39 37 33 30 25 37 30 25 30
WIDTH 4 9 8 9 9.5 6 12 8 6 8
THICK .16 .16 .11 .13 .16 .15 .14 .15 .15 .15
FRESH.WT 1.236 1.227 1.994 .753 1.399 1.792 - 1.676 1.627 2.193
DRY.WT .398 .397 .679 .302 .512 .75 - .86 .763 .856
WT.STALK .058 .064 .137 .065 .097 .119 - .123 .122 .134
AREA 1.157 2.928 1.917 2.5 2.195 2.084 .98 1.855 1.543 .491
INCLIN 10 20 35 30 45 5 20 20 20 45
VOL.CHL 4 4 4
FW.CHL .024 .024 .024
A647 .645 .596 .559
A664 1.484 1.328 1.252
N 19670
P 1853

PHY.DIV

NPSU 4 1 5 6 8
LENGTH 175 235 126 130 153 147 164 225 123 172
WIDTH 16 22 18 12 16 14 20 21 15 19
THICK .29 .24 .29 .27 .27
FRESH.WT .929 .952 4.673 2.977 5.302
DRY.WT .250 .201 1.415 .868 1.669
WT.STALK .072 .056 1.881 .605 2.680
AREA 34.98 23.37 13.52 22.42 17.60 11.25 15.50 20.97 16.69 38.44
INCLIN 15 55 35 30 35 15 35 30 35 45
VOL.CHL 4 4 4
FW.CHL .019 .020 .022
A647 .205 .293 .202
A664 .477 .666 .46
N 7363
P 842

CLI.NO1

NPSU 26 23 16 24 58
LENGTH 20 7.5 4.5 12 28 15 25 20 32 39
WIDTH 8.5 3.5 5 7 16 7 11 9 14 13
THICK .37 .26 .32 .22 .25
FRESH.WT .777 .376 1.272 .715 .608
DRY.WT .151 .07 .248 .138 .113
WT.STALK .117 .095 .180 .187 .185
AREA 3.25 1.81 3.08 2.85 .543 1.188 1.068 .696 .178 .157
INCLIN 55 25 65 15 25 20 50 40 45 70
VOL.CHL 4 4 4
FW.CHL .031 .043 .029
A647 .265 .437 .428
A664 .6 .961 .94
N 14584
P 2577

HIB.SCA

NPSU 11 22 17 39 41
LENGTH 70 43 74 88 60 61 65 84 81 94
WIDTH 15 12 21 31 20 16 14 20 19 21
THICK .34 .34 .32 .3 .33
FRESH.WT 1.36 2.713 4.703 5.647 4.08
DRY.WT .317 .641 1.112 1.374 1.009
WT.STALK .263 .423 .316 .732 .820
AREA 6.68 17.46 6.52 5.87 11.95 3.16 10.35 8.99 7.46 8.88
INCLIN 50 70 35 45 40 15 20 10 10 40
VOL.CHL 4 4 4
FW.CHL .022 .032 .025
A647 .417 .47 .461
A664 .983 1.1 1.079
N 16548
P 1118

PYR.RUP

NPSU 40 10 8 15 29
LENGTH 16 24 16 14 30 31 14 11 14 14
WIDTH 7 8 11.5 9 12 6 10 6 7.5 8
THICK .56 .53 .67 .41 .58
FRESH.WT 3.275 1.388 1.186 1.330 1.936
DRY.WT .741 .866 .575 .560 .588
WT.STALK .397 .254 .088 .153 .442
AREA .748 .856 .410 1.050 1.990 .709 .978 .925 1.194 .713
INCLIN 80 60 55 35 60 85 65 55 50 65
VOL.CHL 4 4 4
FW.CHL .067 .051 .057
A647 .416 .438 .359
A664 .948 .965 .835
N 10212
P 1682

ORI.EXC SPECIES

NPSU 25 26 22 34 41 11 24 14 10 14
LENGTH 135 64 86 100 132 146 52 81 153 143
WIDTH 19 11 17 18 22 25 11 15.5 22 23
THICK .29 .24 .29 .24 .23 .4 .22 .26 .22 .28
FRESH.WT 10.177 8.885 10.052 7.918 10.625 4.159 5.78 4.514 4.008 4.694
DRY.WT 4.609 4.027 4.726 3.486 5.040 1.993 2.582 2.188 1.789 2.222
WT.STALK 1.063 1.625 1.084 .605 4.074 .324 .343 .239 .187 .218
AREA 22.03 19.84 22.61 3.48 12.18 17.64 4.9 10.16 8.85 17.2
INCLIN 35 30 5 20 50 35 45 70 15 25
VOL.CHL 4 4 4
FW.CHL .026 .024 .028
A647 .362 .431 .349
A664 .85 .988 .822
N 9779
P 603

ORI.EXC JUV

NPSU 10 10 11 9 8
LENGTH 60 79 38 55 54 60 48 50 50 22
WIDTH 12 22 8 11 8 12 12 10 10 5
THICK .2 .17 .18 .18 .17
FRESH.WT .99 .526 .335 .35 .451
DRY.WT .504 .248 .167 .174 .211
WT.STALK .08 .051 .047 .035 .03
AREA .769 2.648 3.301 3.882 6.318 3.335 4.349 3.674 1.976 3.012
INCLIN 45 25 35 15 5 30 5 0.0001 15 20
VOL.CHL 4 4 4
FW.CHL .020 .023 .019
A647 .370 .302 .376
A664 .851 .704 .866
N 5625
P 631

ALY.RUS

NPSU 46 22 27 88 42 31 22 22 19 11
LENGTH 26 14 25 15 16 21 23 18 18 25
WIDTH 16 5 12 7 7 8 10 8 8 14
THICK .26 .31 .28 .32 .43 .26 .26 .34 .27 .32
FRESH.WT 2.155 .616 1.425 2.231 1.134 1.081 .812 .762 .434 .456
DRY.WT 1.009 .298 .653 1.128 .571 .5 .382 .399 .208 .229
WT.STALK .301 .124 .133 .691 .337 .203 .059 .134 .062 .044
AREA 2.193 2.395 1.297 1.713 .870 .678 .906 .922 .414 .569
INCLIN 35 25 10 45 15 40 15 30 10 50
VOL.CHL 4 4 4
FW.CHL .022 .022 .022
A647 .286 .367 .358
A664 .683 .871 .850
N 10750
P 808

TRO.SPA

NPSU 162 343 170 118 115
LENGTH 29 23 25.5 33 32 22 26 18 19 28
WIDTH 8 5 7 8 7.5 5 6 4 4 6.5
THICK .27 .26 .28 .26 .30
FRESH.WT 4.386 8.148 4.736 3.249 3.305
DRY.WT 2.333 4.6544 2.506 1.757 1.804
WT.STALK 2.711 2.07 1.004 .765 .677
AREA 1.799 1.130 1.682 1.631 1.295 1.180 .892 .800 .525 .511
INCLIN 10 35 35 10 25 40 50 5 25 25
VOL.CHL 4 4 4
FW.CHL .026 .022 .020
A647 .516 .512 .337
A664 1.21 1.19 .817
N 12025
P 576

PET.CIR

NPSU 10 13 15 12 43
LENGTH 74 38 51 92 70 35 66 71 50 33
WIDTH 25 17 15 38 28 13.5 20 28.5 20 13
THICK .33 .29 .31 .36 .3
FRESH.WT 3.277 1.935 6.996 4.535 6.822
DRY.WT 1.05 .609 2.084 1.376 1.914
WT.STALK 1.586 .612 5.374 1.757 2.163
AREA 6.515 13.36 22.35 13.31 8.76 3.21 2.88 11.51 4.99 4
INCLIN 35 10 40 30 35 15 15 10 45 10
VOL.CHL 4 4 4
FW.CHL .029 .027 .021
A647 .349 .292 .187
A664 .729 .625 .398
N 11321
P 736

ARI.AUS

NPSU 6 4 6 5 10
LENGTH 73 97 103 75 98 69 73 60 62 92
WIDTH 30 40 42 29 41 28 28 21 33 36
THICK .26 .17 .22 .21 .28
FRESH.WT 1.132 .707 1.077 .805 2.697
DRY.WT .375 .257 .398 .232 .902
WT.STALK .17 .05 .067 .350 .931
AREA 22.93 25.81 14.07 27.46 14.53 25.78 8.14 12.71 13.48 13.59
INCLIN 20 20 20 15 50 10 5 20 20 10
VOL.CHL 4 4 4
FW.CHL .023 .027 .031
A647 .706 .799 .896
A664 1.484 1.665 1.811
N 23564
P 2424

LAS.DEC

NPSU 20 24 29 30 22
LENGTH 60 11 34 24 27 42 28 13 30 24
WIDTH 19 5 9 8 7 12 8 5 8 6.5
THICK .22 .18 .16 .18 .15
FRESH.WT 1.055 .560 .565 .817 .194
DRY.WT .414 .223 .216 .333 .080
WT.STALK .043 .032 .033 .044 .010
AREA 1.030 4.034 2.706 .441 1.784 1.410 1.173 1.107 1.038 .451
INCLIN 40 45 25 25 15 20 15 0.0001 40 25
VOL.CHL 4 4 4
FW.CHL .029 .022 .027
A647 .566 .434 .499
A664 1.252 .945 1.094
N 16010
P 1525

PAN.PAN JUV

NPSU 213
LENGTH 6 12 7 12.5 13 12.5 8 10 7 9
WIDTH 5 8.5 5 9.5 9 9.5 5 5.5 4.5 5
THICK .08 .05 .06 .06 .06
FRESH.WT .398
DRY.WT .154
WT.STALK .177
AREA .668 .736 .184 .731 .226 .68 .251 .318 .186 .259
INCLIN 20
VOL.CHL 5 5 5
FW.CHL .017 .021 .021
A647 .580 .454 .510
A664 1.308 1.011 1.170
N 18355
P 2081

PAR.BRO

NPSU 14 29 17 19 37
LENGTH 52 67 63 67 66 57 56 51 55 60
WIDTH 20 20 17 17 15 15 12 10 19 20
THICK .28 .27 .27 .29 .27
FRESH.WT 1.875 2.841 2.249 2.867 2.678
DRY.WT .656 .956 .778 1.027 1.017
WT.STALK .131 .339 .733 .377 .612
AREA 3.183 4.52 7.47 6.84 6.52 6.76 7.78 8.67 5.49 6.74
INCLIN 35
VOL.CHL 4 4 4
FW.CHL .02 .024 .024
A647 .441 .461 .445
A664 1.064 1.121 1.093
N 25415
P 1587

EPI.NO1

NPSU 4
LENGTH 95 93
WIDTH 19 17
THICK .46 .46 .47 .48
FRESH.WT 2.298
DRY.WT 1.349
WT.STALK 4.762
AREA 10.579 12.434
INCLIN 70
VOL.CHL 4 4 4
FW.CHL .026 .020 .026
A647 .388 .273 .375
A664 .877 .622 .858
N 15763
P 1450

DIP.AUS

NPSU 23 23 23 25 18
LENGTH 47 29.5 48 19 31 22 47 41 28 19
WIDTH 20.5 11 19 7 13 10 16 16 11.5 9
THICK .14 .14 .13 .22 .21
FRESH.WT .386 .634 .307 1.307 .859
DRY.WT .072 .132 .055 .286 .179
WT.STALK .014 .027 .011 .069 .052
AREA 5.785 1.079 1.562 1.339 2.076 4.18 4.052 5.17 1.965 2.606
INCLIN 50 35 25 15 30 15 25 30 30 25
VOL.CHL 4 4 4
FW.CHL .036 .028 .044
A647 .388 .223 .232
A664 .882 .503 .516
N 21952
P 2594

POL.VEN

NPSU 30
LENGTH 31 27.5 27 35 35 48 19 38 28 33
WIDTH 11 13 25 13 27 19 7 15 11.5 13
THICK .09 .05 .08 .03 .06
FRESH.WT .244
DRY.WT .078
WT.STALK -
AREA 1.707 1.97 2.66 1.998 1.186 2.984 1.142 .377 .695 1.177
INCLIN 55 75 40 45 80 35 50 65 25 60
VOL.CHL 4 4 4
FW.CHL .028 .024 .021
A647 .579 .431 .326
A664 1.267 .966 .727
N 4841
P 2095

CLI.NO2

NPSU 5 4 3 8 3
LENGTH 89 105 65 88 49 106 102 78 98 81
WIDTH 39 47 36 40 21 41 51 33 40 39
THICK .31 .27 .26 .27 .26
FRESH.WT 3.935 1.443 1.085 2.495 .7
DRY.WT 1.433 .471 .350 .713 .230
WT.STALK .161 .053 .031 .364 .021
AREA 19.47 24.85 16.02 34.55 31.1 26.04 22.08 13.92 5.78 19.36
INCLIN 40 45 25 15 35 15 15 60 20 20
VOL.CHL 4 4 4
FW.CHL .026 .025 .033
A647 .342 .468 .519
A664 .739 1.002 1.111
N 9082
P 1487

HYD.PED

NPSU 6 8 6 6 1
LENGTH 21 14 23 19 12 14 27 5 10 12
WIDTH 43 26 47 38 24 36 52 10 20 26
THICK .36 .37 .55 .31 .35
FRESH.WT 1.193 1.859 1.517 1.340 .630
DRY.WT .119 .211 .166 .152 .063
WT.STALK .133 .117 .087 .097 .018
AREA 17.55 4.428 2.44 .726 7.791 3.72 9.27 14.37 4.61 11.76
INCLIN 25 30 35 10 10 15 25 15 40 20
VOL.CHL 4 4 4
FW.CHL .034 .024 .023
A647 .298 .235 .239
A664 .691 .538 .557
N 25519
P 2108
