SITE NET1

NOT.CUN CAN

NPSU 88 48 32 46 57 38 48 30 17 9
LENGTH 11 12 12.5 14 9.5 13 11.5 8 7.5 13
WIDTH 9 8 9 11.5 7 10.5 7 6 6 9.5
THICK .38 .35 .32 .35 .38 .4 .36 .37 .42 .42
FRESH.WT 2.566 1.333 .943 1.068 1.661 1.294 .957 .567 .476 .280
DRY.WT 1.166 .663 .478 .537 .754 .571 .432 .281 .230 .136
WT.STALK .387 .314 .141 .216 .238 .135 .123 .088 .0602 .030
AREA .927 .357 .808 .315 .524 .488 .848 1.178 .663 .661
INCLIN 0.0001 40 20 20 15 15 70 45 55 70
VOL.CHL 5 5 5
FW.CHL .026 .029 .031
A647 .152 .187 .195
A664 .35 .365 .402
N 14748
P 1254

NOT.CUN SCAN.SAP

NPSU 502
LENGTH 16 8.5 15 14 14 14 12.5 12 15 11
WIDTH 10.5 8 9 11 12 11 6 9.5 9 8.5
THICK .27 .21 .26 .23 .23 .19 .23 .19 .19 .2
FRESH.WT 7.447
DRY.WT 3.446
WT.STALK 1.327
AREA 1.130 .763 .492 .869 1.015 .913 .691 1.059 .537 1.070
INCLIN 5 15 15 25 30 25 0.0001 15 65 20
VOL.CHL 5 5 5
FW.CHL .023 .033 .024
A647 .356 .516 .351
A664 .690 .960 .644
N 14300
P 1306

NOT.CUN SEED

NPSU 105 30 19 116 13 15 9 25 53 46
LENGTH 8 16 13 11 10 12.5 10 13 10 6
WIDTH 7 9 10 11 8 8 6 9 6 3
THICK .22 .22 .18 .21 .24 .22 .2 .24 .23 .22
FRESH.WT 1.565 .206 .173 1.586 .173 .196 .071 .293 .675 .692
DRY.WT .684 .108 .094 .786 .093 .099 .033 .147 .337 .37
WT.STALK .282 .039 .018 .301 .017 .022 .008 .081 .093 .145
AREA .936 1.023 .448 .858 .536 1.395 .444 .684 .134 .395
INCLIN 20 25 15 10 5 15 5 10 10 35
VOL.CHL 5 5 5
FW.CHL .026 .030 .029
A647 .321 .402 .336
A664 .636 .736 .632
N 11402
P 1070

TAS.LAN

NPSU 135
LENGTH 105 109 112 98 85 86 38 110 106 80
WIDTH 22.5 24 32 29 21 21 14 29 26 24.5
THICK .29 .28 .33 .29 .35 .32 .32 .28 .36
FRESH.WT 55.216
DRY.WT 16.005
WT.STALK 3.270
AREA 16.17 11.37 22.71 19.70 14.39 16.34 10.77 11.24 3.952 17.86
INCLIN 5 25 20 15 15 10 10 20 35 15
VOL.CHL 5 5 5
FW.CHL .026 .025 .022
A647 .214 .206 .181
A664 .442 .432 .400
N 13544
P 894

CYA.GLA

NPSU 906
LENGTH 14 16.5 13 20 14 14 24 17 18 11.5
WIDTH 2 1.5 1.5 1.5 2 1.5 3 2.5 3 1
THICK .18 .22 .2 .18 .19
FRESH.WT 6.521
DRY.WT 3.738
WT.STALK 2.411
AREA .333 .409 .195 .194 .104 .253 .151 .315 .222 .191
INCLIN 5 25 35 20 45 15 45 10 25 20
VOL.CHL 5 5 5
FW.CHL .025 .025 .021
A647 .308 .301 .265
A664 .6 .616 .56
N 12585
P 660

ATH.MOS

NPSU 25 16 26 20 49 68 17 47 62 8
LENGTH 92 59 83 86 67 75 60 85 78 60
WIDTH 50 27 34 40 28 32 30 44 40 22
THICK .28 .3 .31 .26 .25 .31 .21 .28 .34 .27
FRESH.WT 7.620 6.065 11.453 6.152 10.454 10.826 4.161 14.608 16.441 1.509
DRY.WT 2.847 2.333 3.672 2.271 3.811 3.555 1.343 5.037 5.245 .498
WT.STALK 1.335 .905 2.115 .669 1.1 1.476 .481 3.892 2.661 .091
AREA 18.54 28.17 20.09 19.01 15.61 7.48 10.73 12.99 10.55 9.14
INCLIN 25 15 35 30 45 30 40 55 25 25
VOL.CHL 5 5 5
FW.CHL .034 .029 .028
A647 .366 .342 .283
A664 .730 .692 .604
N 17758
P 897

PHY.ASP CAN

NPSU 131 258 192 153 133 66
LENGTH 17 14 32 19 18 29 21.5 25 32 22
WIDTH 7 6.5 13 10 8 12 9 12.5 14 10
THICK .54 .55 .55 .62 .55 .56
FRESH.WT 10.729 20.314 14.610 8.054 5.106
DRY.WT 6.334 11.949 8.66 6.216 4.691 2.938
WT.STALK 1.875 4.621 2.925 2.034 1.296 .973
AREA 2.304 1.820 2.363 1.976 1.144 1.368 .928 .842 1.128 .661
INCLIN 20 45 60 50 30 20 40 45 15 90
VOL.CHL 5 5 5
FW.CHL .030 .032 .033
A647 .294 .355 .350
A664 .592 .666 .694
N 9600
P 618

PHY.ASP SCAN.SAP

NPSU 87 105 18 88 10 84 37 113 95 37
LENGTH 37 30 18 45 52 58 37 40 47 36
WIDTH 13 12 6 19.5 19 20 17 17 21 11
THICK .41 .37 .42 .36 .34 .4 .38 .38 .37 .38
FRESH.WT 9.177 9.696 3.058 5.860 1.087 6.875 5.972 9.567 8.310 4.443
DRY.WT 4.775 5.099 1.712 3
WT.STALK 1.975 2.479 .590 1.944
AREA 4.953 4.485 1.941 1.886 3.207 .711 3.36 5.544 5.189 2.455
INCLIN 55 25 55 25 25 5 15 30 75 20
VOL.CHL 5 5
FW.CHL .036 .031
A647 .422 .452
A664 .820 .860
N 10381
P 571

DIC.ANT

NPSU 49 50 39 53 57 64 39 49 61 52
LENGTH 61 67 44 58 60 32 53 27 64 44
WIDTH 11 14 10 13 12 7 9 8 12 10
THICK .15 .16 .12 .12 .13 .14 .12 .15 .15 .18
FRESH.WT 3.281 2.258 .824 3.927 5.556 4.490 1.79 2.465 3.231
DRY.WT 1.619 1.132 .326 1.850 2.411 2.182 .777 1.370 1.169 1.816
WT.STALK .295 .222 .052 .321 .404 .466 .138 .237 .235 .312
AREA 2.942 1.466 4.552 5.660 1.507 2.785 4.462 3.822 4.559 2.927
INCLIN 35 10 40 20 25 40 40 35 35 15
VOL.CHL 5 5 5
FW.CHL .031 .028 .028
A647 .342 .476 .406
A664 .668 .920 .768
N 23748
P 904

BLE.WAT

NPSU 1 3 13 7 15 7 12 19 3 5
LENGTH 75 94 56 60 134 69 97 62 67 76
WIDTH 18 25 17 17 32 27 25 18 19 19
THICK .27 .3 .37 .45 .39 .28 .43 .43 .35 .38
FRESH.WT .225 .512 3.481 4.190 4.746 1.068 7.079 11.747 .946 .646
DRY.WT .038 .080 1.782 1.961 2.317 .283 3.706 5.481 .243 .135
WT.STALK - .003 .186 .126 .218 .022 .275 .813 .010 .0121
AREA 31.74 19.05 10.79 19.18 8.67 13.7 7.43 10.72 11.79 9.19
INCLIN 15 15 25 15 10 5 20 25 5 10
VOL.CHL 5 5 5
FW.CHL .034 .031 .022
A647 .514 .360 .290
A664 .920 .706 .530
N 12852
P 458

PHY.DIV

NPSU 34
LENGTH 196 214 229 179 202 170 174 190 82 212
WIDTH 26 33 29 22 22 22 24 29 16.5 31
THICK .29 .29 .26 .28 .35 .25
FRESH.WT 35.666
DRY.WT 9.181
WT.STALK 11.371
AREA 43.52 37.75 32.46 48.17 26.34 50.82 29.98 36.77 30.94 8.225
INCLIN 20 70 50 20 15 20 55 75 55 30
VOL.CHL 5 5 5
FW.CHL .033 .023 .034
A647 .273 .195 .270
A664 .56 .406 .524
N 12226
P 606

HIS.INC

NPSU 13 9 11 19 21 17 17 15 12
LENGTH 48.5 39 27 38 50 33.5 22 22 34 40
WIDTH 19.5 18.5 12.5 17 23 12 12 12.5 16 16
THICK .16 .1 .12 .15 .16 .12 .12 .18 .18
FRESH.WT .333 .129 .091 .344 1.109 .713 .270 .478 1.291
DRY.WT .063 .020 .016 .059 .150 .100 .046 .071 .187
WT.STALK .012 .004 .004 .011 .026 .019 .005 .018 .044
AREA 3.108 1.790 2.338 2.101 1.793 6.991 3.596 3.424 5.219 3.706
INCLIN 10 15 25 20 15 0.0001 20 15 5 15
VOL.CHL 5 5 5
FW.CHL .034 .020 .026
A647 .316 .233 .343
A664 .608 .466 .670
N 34129
P 2061

HYP.RUG

NPSU 7 13 5 18 22
LENGTH 114 57 60 35 30 53 56 36 54 34
WIDTH 73 25 30 23 13 16 26 15 21 15
THICK .22 .27 .15 .18 .29
FRESH.WT 1.396 .498 .150 .833 .507
DRY.WT .249 .094 .024 .160 .086
WT.STALK .035 .013 .002 .022 .018
AREA 30.94 6.33 5.39 5.921 3.862 3.392 4.451 9.437 3.631 2.235
INCLIN 0.0001 10 15 10 5 25 20 15 15 30
VOL.CHL 5 5 5
FW.CHL .032 .031 .033
A647 .301 .290 .388
A664 .582 .572 .766
N 30320
P 2568

PIT.BIC

NPSU 31 36 36 26 22 51 26 29 20 6
LENGTH 59 47 49 52 54 28 32 29 33 32
WIDTH 9 8 8 8 8 4.5 6 5 9 5
THICK .21 .21 .23 .21 .21 .21 .23 .22 .19 .21
FRESH.WT 1.595 1.506 1.625 1.496 .906 1.845 1.143 1.030 .886 .175
DRY.WT .618 .610 .651 .593 .383 .756 .473 .471 .390 .076
WT.STALK .315 .111 .123 .118 .057 .161 .078 .111 .086 .015
AREA .997 3.306 1.09 1.542 3.04 1.32 2.761 2.219 3.137 4.009
INCLIN 20 0.0001 15 55 20 15 25 5 15 30
VOL.CHL 5 5 5
FW.CHL .020 .022 .027
A647 .239 .214 .327
A664 .474 .454 .678
N 13421
P 787

HYM.PEL

NPSU 2 3 1 2 2 2 1
LENGTH 25 38 27 32 38 38 34 30 28 42
WIDTH 7.5 10 10 13.5 11 15 12.5 10 9 14
THICK .01
FRESH.WT .011 .024 .008 .015 .021 .007 .019
DRY.WT .009 .0188 .0067 .0121 .0155 .0062 .0140
WT.STALK .0036 .0056 .0009 .0037 .0024 .0053 .0018
AREA 1.092 .865 1.522 .922 .914 .905 .643 .551 .805 .433
INCLIN 25 5 5 15 15 5 30 5 30 5
VOL.CHL 5 5 5
FW.CHL .015 .020 .024
A647 .305 .47 .486
A664 .578 .855 .9
N 10456
P 733

GAH.GRA

NPSU 91
LENGTH 2180 2270 2060 1670 1800 2090 1780 2160 2090 2420
WIDTH 7 6 4 5.5 4.5 7 6 11 4 3.5
THICK .32 .28 .29 .23 .22 .32 .24 .32 .32 .28
FRESH.WT 227.45
DRY.WT 129.11
WT.STALK -
AREA 114.45 102.15 61.8 68.89 60.75 109.73 80.1 178.2 62.7 63.53
INCLIN 35 55 45 55 80 25 10 35 45 20
VOL.CHL 5 5 5
FW.CHL .031 .028 .034
A647 .273 .221 .305
A664 .558 .498 .652
N 7139
P 455

COR.SPE

NPSU 1 1 1 1 1 1 1 1 1 1
LENGTH 16 12 11 17 11 11 10 8 10
WIDTH 15.5 11 11 16 12.5 13 13 10 10
THICK .32 .31 .32 .22 .27 .22 .21 .28 .17
FRESH.WT .057 .034 .052 .026 .028 .023 .016 .027 .020
DRY.WT .0062 .0044 .0050 .0026 .0030 .0024 .0018 .0036 .0025
WT.STALK .0021 .0018 .0037 .0009 .0014 .0015 .0014 .0018 .0019
AREA .846 .66 1.146 2.150 1.283 2.184 1.270 1.002 1.093
INCLIN 30 15 10 10 10 20 15 15 10 20
VOL.CHL 5 5 5
FW.CHL .037 .041 .035
A647 .260 .225 .150
A664 .530 .492 .361
N 33244
P 2182

HYM.RAR

NPSU 3 4 2 3 2 5
LENGTH 25 38 38 33.5 31 22 21 41 26 24
WIDTH 11 13.5 17.5 14.5 12.5 12 8.5 14 11 11
THICK .03 .04 .05 .03 .07 .02
FRESH.WT .019 .045 .031 .010 .014 .049
DRY.WT .0107 .0253 .0156 .0062 .0088 .032
WT.STALK .0054 .0126 .0014 .0032 .0050 .013
AREA 1.306 1.608 .822 1.380 1.40 1.429 .650 .548 1.703 .582
INCLIN 60 60 15 60 15 25 35 20 10 40
VOL.CHL 5 5
FW.CHL .024 .013
A647 .56 .258
A664 1.05 .592
N 11545
P 900

GRA.BIL

NPSU 6 13 5 8 8 4 4 5 4 7
LENGTH 51.5 63 38 60 53 56 45 33 40 36
WIDTH 5 6 5 3.5 5 5 2 5 4 2
THICK .08 .14 .15 .23 .2 .18 .25 .21 .23 .18
FRESH.WT .084 .241 .060 .376 .122 .050 .160 .112 .117 .071
DRY.WT .0349 .1119 .0192 .1392 .0468 .0174 .0545 .0426 .0396 .0265
WT.STALK - - - - - - - - - -
AREA 1.607 1.535 2.261 1.136 1.374 .423 .776 1.509 .436 1.166
INCLIN 25 5 5 40 20 35 20 60 5 15
VOL.CHL 5 5 5
FW.CHL .021 .031 .028
A647 .302 .271 .208
A664 .6 .550 .422
N 15885
P 1081

UNC.SP3

NPSU 8 6 8 7 7
LENGTH 61 70 61 37 82 59 81 54 81 100
WIDTH .5 .5 .33 .33 .5 .33 .5 .66 .5 .5
THICK .11 .11 .1 .1 .11
FRESH.WT .038 .021 .037 .038 .034
DRY.WT .011 .006 .010 .011 .011
WT.STALK .002 .001 .006 .001 .002
AREA .214 .234 .158 .232 .124 .281 .310 .119 .202 .091
INCLIN 50 30 50 5 40 5 15 20 50 10
VOL.CHL 5 5 5
FW.CHL .031 .027 .028
A647 .355 .36 .482
A664 .730 .732 .935
N 19226
P 1276

ACI.VIR

NPSU 1 1 1 1 1
LENGTH 11 11 10 10 11
WIDTH 8.5 9 8 8 8.5
THICK .13 .14 .2 .15 .21
FRESH.WT .017 .017 .018 .014 .014
DRY.WT .0012 .0014 .0012 .0008 .0014
WT.STALK .0121 .0075 .0078 .0087 .0122
AREA .786 .754 .754 .675 .691
INCLIN 15 10 0.0001 15 0.0001 5 35 10
VOL.CHL 5 5
FW.CHL .015
A647 .040
A664 .108
N 4432
P 2095

DRY.CYA

NPSU 7 4 5 5 6 5 6 6 5 5
LENGTH 27 36 22 15 35 15 10 15 15 7
WIDTH 5 5 3 3 5 5 3 4 4 3
THICK .1 .07 .11 .11 .1 .13 .1 .12 .11 .09
FRESH.WT .087 .011 .028 .037 .037 .034 .026 .034 .023 .026
DRY.WT .0183 .0017 .0045 .0053 .0062 .0071 .0041 .0059 .0037 .0035
WT.STALK .0135 .0018 .0045 .0093 .0066 .0058 .0039 .0060 .0039 .0045
AREA .467 1.31 .454 1.434 .407 .202 .266 .523 1.107 .572
INCLIN 10 10 10 35 25 5 10 20 10 15
VOL.CHL 5 5 5
FW.CHL .028 .025 .027
A647 .3 .292 .341
A664 .61 .578 .698
N 33899
P 1973

PTE.SP2

NPSU 1 2 1 1
LENGTH 24 25 36 23 22
WIDTH 12.5 12 15 11 10.5
THICK .25 .25 .2 .25
FRESH.WT .1 .105 .046 .060
DRY.WT .0076 .0104 .0047 .0062
WT.STALK .0033 .0026 .0028 .0006
AREA 3.920 1.584 2.331 2.38 1.875
INCLIN 15 15 10 25 35 15 25 10 10 15
VOL.CHL 5 5 5
FW.CHL .042 .038 .034
A647 .171 .142 .146
A664 .357 .326 .327
N 30706
P 2527
