SITE NWT1

NOT.CUN CAN

NPSU 1379
LENGTH 8 10.5 10 10.5 12 6.5 10 13 9.5 8.5
WIDTH 6 6.5 8.5 8 10 6 7 9 7 5
THICK .38 .42 .34 .38 .44 .39 .38 .37 .38 .4
FRESH.WT 25.26
DRY.WT 12.199
WT.STALK 4.834
AREA .750 .347 .527 .298 .526 .321 .589 .580 .856 .514
INCLIN 30 55 35 20 45 20 25 50 30 45
VOL.CHL 5 5 5
FW.CHL .030 .034 .024
A647 .174 .229 .191
A664 .365 .472 .404
N 12035
P 576

NOT.CUN SCAN.SAP

NPSU 1052
LENGTH 15 10 14 11 16 15 6.5 12.5 14 8
WIDTH 10.5 7.5 9 8 8 10 4.5 9 10 4.5
THICK .25 .24 .23 .2 .26 .29 .25 .23 .25 .24
FRESH.WT 14.902
DRY.WT 7.596
WT.STALK 4.307
AREA .237 .920 .524 .765 .208 .929 .925 .593 .928 .897
INCLIN 35 10 25 20 25 40 50 50 50 15
VOL.CHL 5 5 5
FW.CHL .026 .028 .020
A647 .299 .325 .268
A664 .570 .638 .554
N 12374
P 509

NOT.CUN SEED

NPSU 637
LENGTH 9 13 9 9.5 12 10 13.5 13.5 9 10
WIDTH 5 11 7 5.5 9 7 8 13 7 7
THICK .19 .17 .22 .25 .19 .21 .25 .27 .23 .23
FRESH.WT 6.767
DRY.WT 3.313
WT.STALK 1.564
AREA .429 1.015 1.077 1.326 .495 .510 .802 .452 .360 .533
INCLIN 0.0001 20 10 10 15 15 0.0001 10 30 35
VOL.CHL 5 5 5
FW.CHL .029 .027 .026
A647 .286 .285 .327
A664 .5 .568 .624
N 11974
P 586

ATH.MOS

NPSU 479
LENGTH 54 70 68 42 32 63 71 48 66 78
WIDTH 31 35 27 21 16 37 29 24 28 39
THICK .29 .29 .27 .16 .31 .31 .31 .29 .41 .3
FRESH.WT 110.892
DRY.WT 41.099
WT.STALK 22.551
AREA 13.9 13.96 6.63 3.37 10.73 5.89 19.16 11.23 11.73 8.89
INCLIN 30 35 30 25 25 10 30 25 35 10
VOL.CHL 5 5 5
FW.CHL .031 .030 .038
A647 .207 .273 .372
A664 .450 .584 .738
N 15900
P 644

EUC.LUC

NPSU 12 32 39 28 40 105 31 24 11 20
LENGTH 30 43 31.5 21 37 27 35 35 36 28
WIDTH 11 12 13 7.5 16 10 10 13.5 13 10
THICK .29 .16 .35 .28 .2 .27 .24 .3 .28 .22
FRESH.WT 1.076 1.289 3.333 2.436 3.867 8.918 1.891 1.350 .626 1.273
DRY.WT .480 .557 1.540 1.050 1.496 4.097 .665 .565 .249 .525
WT.STALK .158 .173 .828 .666 .967 2.707 .678 .202 .078 .190
AREA 3.73 2.93 4.19 4.54 3.17 2.23 3.69 2.32 1.24 2.65
INCLIN 5 20 30 0.0001 45 5 0.0001 25 20 30
VOL.CHL 5 5 5
FW.CHL .028 .032 .034
A647 .209 .268 .285
A664 .446 .554 .586
N 8204
P 451

TRO.CUN

NPSU 2539
LENGTH 13 14 13 15 11 13.5 12 15 10.5 13.5
WIDTH 4 4.5 4 5.5 4 4 4 5 3.5 5.5
THICK .3 .29 .2 .21 .23 .25 .22 .26 .22 .22
FRESH.WT 23.194
DRY.WT 14.042
WT.STALK 14.560
AREA .551 .369 .509 .438 .352 .567 .316 .368 .648 .316
INCLIN 30 60 20 35 40 25 35 15 30 50
VOL.CHL 5 5 5
FW.CHL .027 .033 .029
A647 .276 .426 .3
A664 .562 .825 .626
N 10276
P 248

OLE.ARG

NPSU 26 28 7 10 14 44 19 10 8
LENGTH 130 134 99 103 98 135 89 71 128 100
WIDTH 49 37 36 40 44 48 30.5 19 34 34
THICK .31 .29 .30 .29 .31 .33 .37 .27 .31 .34
FRESH.WT 18.692 22.514 4.210 3.825 10.361 29.929 11.477 3.523 7.721
DRY.WT 7.666 8.289 1.893 1.303 4.479 10.695 4.275 1.608 3.113
WT.STALK 2.316 1.926 .219 .288 1.538 4.537 1.804 .330 .461
AREA 30.32 29.99 39.39 22.59 25.01 9.24 20.58 16.71 28.34 41.56
INCLIN 5 30 5 25 30 5 25 25 15 35
VOL.CHL 5 5 5
FW.CHL .023 .026 .026
A647 .183 .239 .094
A664 .4 .518 .238
N 14181
P 832

PIM.DRU

NPSU 31 15 38 18 56 24 37 21 21 27
LENGTH 10 17 22 24 20 47 37 30 28 45
WIDTH 4 4.5 9 5.5 6 12 8 9 6.5 9
THICK .15 .2 .18 .22 .21 .18 .22 .19 .22 .13
FRESH.WT .693 .295 1.852 .509 2.352 .495 .781 .987 1.611 .927
DRY.WT .230 .087 .542 .145 .550 .123 .181 .291 .410 .342
WT.STALK .097 .066 .307 .074 .325 .039 .073 .178 .217 .162
AREA .325 1.017 4.084 2.942 2.080 1.397 2.033 1.32 .865 .57
INCLIN 25 30 5 20 15 5 5 25 15 15
VOL.CHL 9 9 9
FW.CHL .028 .026 .031
A647 .440 .325 .367
A664 .845 .672 .720
N 22207
P 1006

ARI.PED

NPSU 13 19 15 24 23 16 39 41 76 9
LENGTH 74 45 61 48 49 24 43 31 15 32
WIDTH 24 16 21 16 17 10 15 11.5 8 17
THICK .17 .2 .18 .2 .17 .2 .28 .15 .17 .21
FRESH.WT 1.086 1.605 .78 .892 1.303 2.130 3.930 2.961 4.768 .444
DRY.WT .479 .560 .299 .350 .512 .787 1.480 1.151 1.839 .165
WT.STALK .167 .313 .094 .233 .226 1.071 1.075 .999 1.091 .066
AREA 4.43 10.89 7.99 4.04 4.11 5.38 5.51 1.44 2.40 .86
INCLIN 5 10 20 35 20 45 30 30 65 50
VOL.CHL 5 5 5
FW.CHL .022 .024 .032
A647 .426 .424 .592
A664 .806 .772 1.075
N 14047
P 485

COP.QUA

NPSU 1066
LENGTH 7.5 4.5 4 15 16 7 9 9 12 5
WIDTH 2 2 1 4 5 2 2.5 2 3 2
THICK .13 .1 .1 .13 .12 .11 .16 .13 .11 .12
FRESH.WT 3.632
DRY.WT 1.360
WT.STALK .854
AREA .54 .15 .11 .07 .22 .04 .07 .12 .15 .42
INCLIN 25 5 15 40 15 0.0001 30 5 25 0.0001
VOL.CHL 5 5 5
FW.CHL .022 .025 .026
A647 .187 .208 .276
A664 .426 .466 .588
N 21841
P 1203

ASP.FLA

NPSU 1 1 1 1 1 1 1 1
LENGTH 185 173 157 123 114 155 60 30
WIDTH 58 58 60 34 34 68 28 16
THICK .48 .41 .45 .36 .45 .45 .42 .47
FRESH.WT .957 .893 .774 .096 .825 .551 .551 .069
DRY.WT .226 .210 .187 .020 .163 .118 .131 .011
WT.STALK .039 .039 .026 .005 .036 .026 .035 .004
AREA 13.57 9.53 14.19 17.86 15.14 9.22 2.18 1.12
INCLIN 70 70 60 55 35 50 30 20 50 65
VOL.CHL 5 5 5
FW.CHL .027 .032 .025
A647 .158 .185 .127
A664 .337 .380 .285
N 12843
P 1201

ASP.BUL

NPSU 182
LENGTH 130 50 37 58 57 67 25 19 26 14
WIDTH 64 18 12 14 12 15 8 4.5 8.5 4.5
THICK .31 .36 .42 .33 .31 .3 .36 .35 .31 .4
FRESH.WT 23.507
DRY.WT 6.289
WT.STALK .917
AREA 4.75 20.43 4.28 3.75 2.83 2.13 .509 1.24 1.126 .456
INCLIN 45 65 45 55 25 45 35 40 70 35
VOL.CHL 5 5 5
FW.CHL .029 .034 .028
A647 .146 .194 .159
A664 .317 .422 .337
N 9234
P 1128

HYM.RAR

NPSU 3 4 2 3 2 5
LENGTH 40 39 51 52 72 33 46 72 55
WIDTH 18 12 17 24 22 16 12 24 15
THICK .08 .08 .05 .10 .07 .07 .03 .09
FRESH.WT .019 .045 .031 .010 .014 .049
DRY.WT .0107 .0253 .0156 .0062 .0088 .032
WT.STALK .0054 .0126 .0014 .0032 .0050 .013
AREA 2.53 1.75 3.29 4.42 1.34 4.89 2.38 2.61 .977
INCLIN 45 30 75 25 40 20 35 20 65 45
VOL.CHL 5 5 5
FW.CHL .019 .029 .021
A647 .263 .339 .310
A664 .544 .646 .598
N 11926
P 451

HYM.PEL

NPSU 31
LENGTH 36 34 32 43 31 27 36 17 22 18
WIDTH 12.5 13.5 14 12 11 12 14 10 12 8
THICK .08 .06 .09 .11 .09 .1 .08 .11 .08 .1
FRESH.WT .334
DRY.WT .173
WT.STALK .064
AREA .863 .260 1.109 .276 .656 .892 1.222 .485 .861 .631
INCLIN 30 55 55 0 20 45 75 10 15 5
VOL.CHL 5 5 5
FW.CHL .020 .020 .032
A647 .452 .434 .548
A664 .860 .784 .995
N 9242
P 854

CTE.HET

NPSU 9
LENGTH 148 155 157 159 74 88 170 138 108
WIDTH 24 34 41 46 22 22 50 33 10
THICK .25 .24 .22 .25 .22 .27 .22 .22 .2
FRESH.WT 2.228
DRY.WT .711
WT.STALK -
AREA 8.91 10.85 8.52 8.40 6.14 5.09 11.27 3.87 3.04
INCLIN 35 20 55 45 60 25 50 25 15 15
VOL.CHL 5 5 5
FW.CHL .033 .029 .031
A647 .225 .132 .193
A664 .478 .297 .414
N 10891
P 849

CEN.NIT

NPSU 273
LENGTH 126 127 111 105 141 145 115 150 100 102
WIDTH 32 26 30 28 41 27 30 43 25 22
THICK .38 .35 .4 .32 .48 .45 .4 .34 .42 .38
FRESH.WT 189.99
DRY.WT 79.055
WT.STALK 17.488
AREA 15.74 17.13 21.57 24.72 32.34 20.8 34.52 13.55 23.02 21.89
INCLIN 20 0.0001 10 15 45 25 35 25 20 30
VOL.CHL 5 5 5
FW.CHL .034 .029 .020
A647 .187 .117 .122
A664 .426 .277 .288
N 6237
P 279

PHY.DIV

NPSU 35
LENGTH 144 148 235 171 240 120 244 72 88 134
WIDTH 18 12 28 18.5 19 15.5 19 12 13 17
THICK .29 .28 .25 .23 .23
FRESH.WT 20.686
DRY.WT 5.845
WT.STALK 5.443
AREA 16.87 45.17 34.64 35.65 13.86 25.03 19.18 14.22 8.02 5.73
INCLIN 90 35 35 50 30 25 50 50 20 30
VOL.CHL 5 5 5
FW.CHL .021 .022 .025
A647 .073 .145 .056
A664 .195 .317 .141
N 10118
P 455

GRA.BIL

NPSU 66
LENGTH 45.5 67 67 39 24 69 30 68 25 22
WIDTH 4.5 5 8.5 4 2.5 4 3.5 4 2.5 2
THICK .19 .15 .18 .16 .18 .17 .22 .14 .22 .19
FRESH.WT 1.781
DRY.WT .683
WT.STALK -
AREA 3.99 1.64 1.91 2.54 .51 .51 1.02 .366 .704 1.235
INCLIN 45 35 45 25 45 30 25 30 35 40
VOL.CHL 5 5 5
FW.CHL .030 .024 .025
A647 .302 .142 .162
A664 .620 .330 .339
N 12356
P 710

DIC.ANT

NPSU 553
LENGTH 45 55 40 22 30 33 25 48 44 24
WIDTH 8 10 8 6 6 8 6 10 9 5
THICK .15 .15 .13 .16 .17 .18 .11 .17 .18 .13
FRESH.WT 24.286
DRY.WT 10.607
WT.STALK 1.779
AREA 2.193 3.831 2.275 3.255 2.538 1.265 1.902 .906 1.163 .933
INCLIN 40 25 10 45 35 35 25 10 30 15
VOL.CHL 5 5 5
FW.CHL .024 .030 .021
A647 .293 .346 .224
A664 .588 .668 .460
N 20410
P 778

BLE.WAT

NPSU 24
LENGTH 108 23 60 38 20 46 44 58 40 43
WIDTH 24 11 25 16 12 16 17 19 19 16
THICK .24 .4 .27 .52 .33 .24 .36 .21 .24 .29
FRESH.WT 3.125
DRY.WT 1.636
WT.STALK .091
AREA 18.31 2.01 6.29 5.03 4.87 7.39 5.78 12.62 5.29 1.99
INCLIN 10 5 10 15 5 20 40 50 10 15
VOL.CHL 5 5 5
FW.CHL .033 .023 .032
A647 .360 .160 .202
A664 .696 .354 .428
N 10514
P 666

UNC.SP3

NPSU 8 6 8 7 7
LENGTH 61 70 61 37 82 59 81 54 81 100
WIDTH .5 .5 .33 .33 .5 .33 .5 .66 .5 .5
THICK .11 .11 .1 .1 .11
FRESH.WT .038 .021 .037 .038 .034
DRY.WT .011 .006 .010 .011 .011
WT.STALK .002 .001 .006 .001 .002
AREA .214 .234 .158 .232 .124 .281 .310 .119 .202 .091
INCLIN 50 30 50 5 40 5 15 20 50 10
VOL.CHL 5 5 5
FW.CHL .031 .027 .028
A647 .355 .36 .482
A664 .730 .732 .935
N 19226
P 1276


HIS.INC

NPSU 112
LENGTH 36 36 30 87 84 31 61 62 20 19
WIDTH 12 12 9 24 27 11 14 13 7.5 5
THICK .18 .15 .15 .14 .12
FRESH.WT 4.755
DRY.WT 1.082
WT.STALK .197
AREA 10.35 5.41 5.31 10.95 1.84 2.31 2.81 2.01 .98 .77
INCLIN 20 30 25 0.0001 15 15 15 15 10 0.0001
VOL.CHL 5 5 5
FW.CHL .026 .034 .035
A647 .199 .262 .264
A664 .412 .524 .552
N 21631
P 1008

HYM.FLA

NPSU 12
LENGTH 94 97 76 85 93 60 40 53 53 39
WIDTH 32 40 32 42 30 39 30 30 38 35
THICK .12 .1 .1 .09 .1
FRESH.WT 1.077
DRY.WT .405
WT.STALK .144
AREA 7.128 8.674 10.33 8.83 12.02 6.46 18.83 11.18 4.81 9.15
INCLIN 80 90 75 70 75 65 70 80 75 85
VOL.CHL 5 5 5
FW.CHL .028 .028 .029
A647 .333 .368 .152
A664 .634 .684 .350
N 10628
P 850

HYP.RUG

NPSU 177
LENGTH 102 120 58 50 40 75 69 63 83 59
WIDTH 33 85 15 20 15 28 24 20 25 15
THICK .14 .17 .21 .23 .12
FRESH.WT 9.979
DRY.WT 2.473
WT.STALK .498
AREA 5.008 8.608 25.48 13.99 5.91 3.89 9.12 6.94 4.25 2.69
INCLIN 25 30 35 5 0.0001 0.0001 35 20 40 20
VOL.CHL 5 5 5
FW.CHL .033 .035 .022
A647 .384 .277 .186
A664 .766 .566 .380
N 19444
P 1366

PIT.BIC

NPSU 666
LENGTH 39 50 47 40 38 34 53 52 31 65
WIDTH 7 8 7 6 6.5 4 10 6.5 5 10
THICK .21 .19 .22 .2 .23 .24 .34 .21 .26 .27
FRESH.WT 40.244
DRY.WT 19.873
WT.STALK 9.905
AREA 4.699 2.84 2.14 2.56 1.56 3.90 2.61 1.64 1.10 1.22
INCLIN 45 50 15 20 5 45 10 35 30 55
VOL.CHL 5 5 5
FW.CHL .031 .035 .026
A647 .267 .216 .209
A664 .548 .462 .426
N 10552
P 1076
