SITE SWT1

NOT.CUN CAN

NPSU 1379
LENGTH 8 10.5 10 10.5 12 6.5 10 13 9.5 8.5
WIDTH 6 6.5 8.5 8 10 6 7 9 7 5
THICK .38 .42 .34 .38 .44 .39 .38 .37 .38 .4
FRESH.WT 25.26
DRY.WT 12.199
WT.STALK 4.834
AREA .750 .347 .527 .298 .526 .321 .589 .580 .856 .514
INCLIN 30 55 35 20 45 20 25 50 30 45
VOL.CHL 5 5 5
FW.CHL .030 .034 .024
A647 .174 .229 .191
A664 .365 .472 .404
N 12035
P 576

NOT.CUN SCAN.SAP

NPSU 2042
LENGTH 10 6 10 11 10 10.5 10.5 12 8 12.5
WIDTH 6.5 7 8 7 9 6 8 8 6 7
THICK .2 .26 .25 .26 .25 .24 .23 .24 .22 .24
FRESH.WT 25.286
DRY.WT 12.847
WT.STALK 7.057
AREA .633 .589 .639 .480 .607 .48 .580 .429 .334 .277
INCLIN 30 85 25 40 25 45 35 30 70 25
VOL.CHL 5 5 5
FW.CHL .029 .033 .027
A647 .374 .430 .378
A664 .716 .772 .708
N 10812
P 892

NOT.CUN SEED

NPSU 1403
LENGTH 9 10 8 10 7 6.5 12 10 5 11
WIDTH 11 6.5 9 7.5 7.5 5 8 7.5 5 11
THICK .21 .23 .25 .24 .21 .33 .27 .26 .32 .28
FRESH.WT 16.605
DRY.WT 8.442
WT.STALK 5.917
AREA .768 .564 .544 .181 .605 .229 .824 .481 .383 .456
INCLIN 30 30 15 15 20 5 15 5 25 15
VOL.CHL 5 5 5
FW.CHL .033 .030 .032
A647 .336 .355 .392
A664 .644 .700 .748
N 10495
P 416

ATH.MOS

NPSU 496
LENGTH 61 50 62 63 67 57 81 43.5 56 52
WIDTH 25 14.5 19 21 22 25 29 11 21 15
THICK .32 .3 .33 .35 .32 .31 .31 .28 .34 .39
FRESH.WT 91.257
DRY.WT 28.487
WT.STALK 14.945
AREA 4.696 8.349 13.807 8.8 8.923 3.301 8.430 9.174 7.377 4.690
INCLIN 40 50 20 35 30 20 20 40 35 10
VOL.CHL 5 5 5
FW.CHL .024 .030 .023
A647 .266 .298 .239
A664 .528 .590 .530
N 15491
P 962

EUC.LUC

NPSU 469
LENGTH 52 34.5 37 28 38 20.5 28 33.5 38 33
WIDTH 12.5 9 9.5 7.5 10.5 7 8.5 11 7.5 9.5
THICK .2 .25 .25 .26 .22 .24 .22 .2 .26 .19
FRESH.WT 27.440
DRY.WT 13.132
WT.STALK 7.470
AREA 2.412 2.476 2.873 5.174 3.139 2.850 1.735 2.519 2.054 1.198
INCLIN 20 5 0.0001 15 15 50 40 40 25 30
VOL.CHL 5 5 5
FW.CHL .024 .027 .022
A647 .194 .233 .185
A664 .416 .490 .406
N 8037
P 806

ANO.BIG

NPSU 549
LENGTH 35 28 33 35 45 23 43 23 39 37
WIDTH 12 12 18 14 21 7 20 9 12 15
THICK .37 .28 .35 .26 .31 .22 .28 .3 .25 .28
FRESH.WT 41.568
DRY.WT 15.218
WT.STALK 9.005
AREA 2.86 5.90 5.74 3.75 1.05 2.49 3.73 2.72 3.25 1.44
INCLIN 70 35 20 15 25 20 15 5 25 20
VOL.CHL 5 5 5
FW.CHL .031 .024 .030
A647 .292 .240 .263
A664 .564 .506 .534
N 9077
P 530

DIC.ANT

NPSU 297
LENGTH 49 38 34 22 33 27 21 27 24 17
WIDTH 8 9 7 7 6.5 6 5 6 6 4
THICK .14 .11 .13 .13 .17 .15 .18
FRESH.WT 8.08
DRY.WT 2.737
WT.STALK .476
AREA 1.109 .494 .736 2.483 1.632 1.203 .966 2.165 .926 1.031
INCLIN 35 5 30 45 25 50 30 20 30 25
VOL.CHL 5 5 5
FW.CHL .033 .025 .022
A647 .390 .308 .350
A664 .744 .588 .654
N 21579
P 1347

POL.PRO

NPSU 409
LENGTH 95 44 47 56 94 42 94 35 26 44
WIDTH 23 13 13.5 19.5 23 12.5 22 9.5 11 12
THICK .25 .22 .23 .25 .24 .21 .21 .18 .21 .19
FRESH.WT 42.979
DRY.WT 15.794
WT.STALK 3.263
AREA 12.621 12.41 12.82 6.015 3.148 1.956 2.788 3.906 3.013 .943
INCLIN 10 15 5 15 10 15 5 5 15 30
VOL.CHL 5 5 5
FW.CHL .029 .019 .021
A647 .265 .229 .242
A664 .572 .480 .490
N 15000
P 1120

HIS.INC

NPSU 186
LENGTH 54 23 48 36 47 39 52 52 48 20
WIDTH 22 10 14 19 26 12 20 26 17 6
THICK .12 .12 .15 .16 .14 .13 .16 .16 .14 .2
FRESH.WT 6.425
DRY.WT .838
WT.STALK .189
AREA 5.859 2.385 4.933 7.002 6.83 .934 3.791 3.415 5.225 1.58
INCLIN 35 15 25 35 25 15 20 10 20 20
VOL.CHL 5 5 5
FW.CHL .035 .033 .028
A647 .462 .492 .355
A664 .905 .915 .678
N 36913
P 2832

HYP.RUG

NPSU 127
LENGTH 78 73 29 39 28 42 16.5 87 35 30
WIDTH 36 26 10 15.5 11 16 8 41 13 12.5
THICK .1 .13 .13 .13 .06
FRESH.WT 3.183
DRY.WT .559
WT.STALK .110
AREA .692 14.110 2.518 9.177 13 3.475 2.024 3.39 2.022 1.508
INCLIN 70 60 55 40 35 25 25 25 20 25
VOL.CHL 5 5 5
FW.CHL .028 .033 .034
A647 .318 .532 .516
A664 .628 .990 .935
N 34458
P 2104

HYM.PEL

NPSU 31
LENGTH 36 34 32 43 31 27 36 17 22 18
WIDTH 12.5 13.5 14 12 11 12 14 10 12 8
THICK .08 .06 .09 .11 .09 .1 .08 .11 .08 .1
FRESH.WT .334
DRY.WT .173
WT.STALK .064
AREA .863 .260 1.109 .276 .656 .892 1.222 .485 .861 .631
INCLIN 30 55 55 0.0001 20 45 75 10 15 5
VOL.CHL 5 5 5
FW.CHL .020 .020 .032
A647 .452 .434 .548
A664 .860 .784 .995
N 13308
P 1161

HYM.RAR

NPSU 29
LENGTH 58 52 52 51 24 30.5 31 30 22 33
WIDTH 19 9 19 21 9 10 12 13 9 10
THICK .08 .12 .12 .1 .1 .1 .1 .09 .07 .1
FRESH.WT .373
DRY.WT .201
WT.STALK .061
AREA 3.077 1.449 .671 4.127 2.352 1.01 .349 .791 .712 .453
INCLIN 70 30 10 10 40 65 30 5 25 35
VOL.CHL 5 5 5
FW.CHL .032 .033 .026
A647 .6 .75 .516
A664 1.075 1.27 .910
N 12798
P 933

HYM.AUS

NPSU 43
LENGTH 35 33.5 45 21 26 21 28 19 19 30
WIDTH 11.5 16 23 12 11 9 12 13 18 10
THICK .1 .07 .11 .13 .04 .04 .05 .07 .09 .11
FRESH.WT .398
DRY.WT .142
WT.STALK .096
AREA 1.069 2.524 .927 1.322 .576 .955 1.696 .747 .65 .607
INCLIN 30 45 5 25 50 40 30 45 25 20
VOL.CHL 5 5 5
FW.CHL .029 .027 .029
A647 .476 .436 .552
A664 .855 .78 .99
N 18264
P 1100

GRA.BIL

NPSU 59
LENGTH 107 117 89 52 60 46 50 67 64 81
WIDTH 3 2.5 2.5 6 6 4 2 4 4.5 8
THICK .15 .14 .19 .11 .14 .22 .22 .23
FRESH.WT 1.745
DRY.WT .673
WT.STALK -
AREA 2.13 2.31 1.17 1.01 1.83 2.21 .847 1.82 1.91 3.94
INCLIN 10 40 40 15 5 50 45 80 20 0.0001
VOL.CHL 5 5 5
FW.CHL .028 .023 .034
A647 .257 .266 .257
A664 .528 .548 .504
N 11143
P 702

ACI.VIR

NPSU 1 1 1 1 1
LENGTH 11 11 10 10 11
WIDTH 8.5 9 8 8 8.5
THICK .13 .14 .2 .15 .21
FRESH.WT .017 .017 .018 .014 .014
DRY.WT .0012 .0014 .0012 .0008 .0014
WT.STALK .0121 .0075 .0078 .0087 .0122
AREA .786 .754 .754 .675 .691
INCLIN 15 10 0.0001 15 0.0001 5 35 10
VOL.CHL 5 5
FW.CHL .015
A647 .040
A664 .108
N 4432
P 2095

BLE.WAT

NPSU 23
LENGTH 92 76 39 66 106 45 56 32 20 68
WIDTH 24 18 18 22 29 19 25 14 12 26
THICK .41 .30 .33 .37 .39 .47 .31 .26 .34 .38
FRESH.WT 8.414
DRY.WT 2.104
WT.STALK .109
AREA 20.09 13.17 9.99 15.48 11.72 10.83 6.57 4.90 3.33 1.99
INCLIN 5 30 10 10 25 30 35 15 20 30
VOL.CHL 5 5 5
FW.CHL .028 .027 .031
A647 .264 .286 .390
A664 .554 .556 .736
N 13038
P 707

ANO.GLA

NPSU 139
LENGTH 157 161 99 158 144 107 115 139 154 155
WIDTH 25 25 13 29 19 26 21 23 20 28
THICK .35 .41 .44 .40 .39
FRESH.WT 139.869
DRY.WT 37.173
WT.STALK 11.422
AREA 18.08 17.91 25.61 21.71 16.58 22.56 26.05 15.88 14.75 7.07
INCLIN 60 45 50 5 15 35 45 30 0.0001 35
VOL.CHL 5 5 5
FW.CHL .027 .028 .030
A647 .124 .144 .146
A664 .290 .317 .320
N 6584
P 482

COR.SPE

NPSU 9
LENGTH 7 12 6.5 13 14 9 9 7 7
WIDTH 9 13 9 10.5 12.5 8.5 11 7.5 7.5
THICK .26 .24 .26 .31 .19 .16 .2 .24 .19
FRESH.WT .226
DRY.WT .022
WT.STALK .009
AREA .441 .49 1.089 .593 .901 .561 1.48 .534 1.49
INCLIN 10 20 0.0001 5 20 15 25 40 15 15
VOL.CHL 5 5 5
FW.CHL .034 .026 .021
A647 .213 .186 .167
A664 .456 .41 .376
N 19811
P 2683

HYD.SPE

NPSU 20
LENGTH 6 5 5.5 3.5 6 5 5.5 4 5 3
WIDTH 11 9.5 13 5 11 11 11 6 10 4
THICK .2 .22 .2 .17 .23
FRESH.WT .24
DRY.WT .033
WT.STALK .034
AREA .587 .252 .114 .190 .69 1 .788 .717 .543 .699
INCLIN 50 25 0.0001 30 40 45 20 5 25 20
VOL.CHL 5 5 5
FW.CHL .023 .032 .027
A647 .194 .250 .212
A664 .418 .53 .464
N 23352
P 1995

UNC.SP2

NPSU 56
LENGTH 62 61 64 89 49 68 63 40 78 41
WIDTH .5 .33 .5 .5 .25 .25 .5 .33 .75 .25
THICK .16 .13 .14 .11 .13 .13 .1 .1 .13 .11
FRESH.WT .257
DRY.WT .062
WT.STALK .021
AREA .353 .185 .095 .195 .136 .010 .115 .165 .087 .012
INCLIN 40 30 10 15 50 20 5 45 20 30
VOL.CHL 5 5 5
FW.CHL .023 .024 .023
A647 .316 .276 .219
A664 .616 .564 .468
N 15712
P 1204

PTE.SP2

NPSU 1 2 1 1
LENGTH 24 25 36 23 22
WIDTH 12.5 12 15 11 10.5
THICK .25 .25 .2 .25
FRESH.WT .1 .105 .046 .060
DRY.WT .0076 .0104 .0047 .0062
WT.STALK .0033 .0026 .0028 .0006
AREA 3.920 1.584 2.331 2.38 1.875
INCLIN 15 15 10 25 35 15 25 10 10 15
VOL.CHL 5 5 5
FW.CHL .042 .038 .034
A647 .171 .142 .146
A664 .357 .326 .327
N 30706
P 2527

TRO.CUN

NPSU 697
LENGTH 15 12 13 11 7 11 8 12 12 12.5
WIDTH 4 3 4 2.5 2 2 2.5 3.5 3.5 3
THICK .22 .19 .18 .21 .23
FRESH.WT 4.048
DRY.WT 2.010
WT.STALK 1.473
AREA .337 .33 .271 .263 .489 .419 .121 .233 .148 .168
INCLIN 15 0.0001 50 55 35 30 15 25 10 30
VOL.CHL 5 5 5
FW.CHL .022 .025 .023
A647 .263 .271 .250
A664 .532 .550 .514
N 10865
P 262

PIT.BIC

NPSU 279
LENGTH 23 40 34 45 35 43 40 40 29 32
WIDTH 5 9 8 9 7.5 7.5 9 9 6.5 7
THICK .28 .31 .3 .22 .27
FRESH.WT 15.142
DRY.WT 6.029
WT.STALK 3.045
AREA 1.447 2.583 2.348 2.439 1.489 1.875 2.871 2.474 1.9 .934
INCLIN 20 40 45 25 10 35 5 70 30 25
VOL.CHL 5 5 5
FW.CHL .030 .027 .026
A647 .302 .255 .175
A664 .61 .534 .374
N 12240
P 578
